0 0 0 0 0 0 0 2 2 2 0 0 0 0 0 0
0 0 0 0 0 2 2 0 2 2 0 0 0 0 0 0 
0 0 0 0 0 2 2 2 0 2 2 0 0 0 0 0 
0 0 0 0 0 0 0 2 2 2 2 0 0 0 0 0 
0 0 0 0 0 0 2 2 2 2 2 2 2 0 0 0 
0 0 0 0 0 2 2 2 2 2 2 2 2 2 0 0 
0 0 0 0 2 2 2 2 2 1 2 2 2 2 1 0 
1 0 0 2 2 2 2 2 2 2 1 2 2 1 2 0 
0 1 0 2 2 2 2 2 2 2 9 1 1 9 2 2 
0 0 1 2 2 2 2 2 2 9 1 9 9 1 9 2 
1 1 1 2 2 2 2 2 2 2 9 5 5 9 2 2 
0 0 1 2 2 2 2 2 2 2 5 5 5 5 5 2 
0 1 0 2 2 2 2 2 2 2 5 5 5 5 5 0 
1 0 0 0 2 2 2 2 2 2 2 2 2 2 5 0 
0 0 0 0 0 2 2 2 2 2 2 2 2 2 0 0 
0 0 0 0 0 0 2 2 2 2 2 2 0 0 0 0 
