2 2 0 0 0 0 0 0 0 0 0 0 0 0 2 2
2 0 0 0 0 0 0 0 0 0 0 0 0 0 0 2 
0 0 0 0 0 0 1 1 1 1 1 1 0 0 0 0 
0 0 0 0 0 1 5 5 5 5 5 5 1 0 0 0 
0 0 0 0 1 5 5 4 4 5 5 5 5 2 0 0 
0 0 0 1 5 5 5 4 1 5 5 5 2 0 0 0 
0 0 1 5 5 5 5 5 5 5 5 2 0 0 0 0 
0 0 1 5 5 5 5 5 5 5 2 0 0 0 0 0 
0 0 1 5 5 5 5 5 5 2 0 0 0 0 0 0 
0 0 1 5 5 5 5 5 5 5 2 0 0 0 0 0 
0 0 1 5 5 5 5 5 5 5 5 2 0 0 0 0 
0 0 0 1 5 5 5 5 5 5 5 5 2 0 0 0 
0 0 0 0 1 5 5 5 5 5 5 5 5 2 0 0 
0 0 0 0 0 1 5 5 5 5 5 5 1 0 0 0 
2 0 0 0 0 0 1 1 1 1 1 1 0 0 0 2 
2 2 0 0 0 0 0 0 0 0 0 0 0 0 2 2 
